                                                                                                                                                          Minimized Transition Table
--------------------------------------------------------------------------------------------------------------------------------------------------------------------------------------------------------------------------------------------------------------------------------------------------------------------------------
               !   (   )   *   +   ,   -   .   /   0   1   2   3   4   5   6   7   8   9   ;   <   =   >   A   B   C   D   E   F   G   H   I   J   K   L   M   N   O   P   Q   R   S   T   U   V   W   X   Y   Z   a   b   c   d   e   f   g   h   i   j   k   l   m   n   o   p   q   r   s   t   u   v   w   x   y   z   {   }   
--------------------------------------------------------------------------------------------------------------------------------------------------------------------------------------------------------------------------------------------------------------------------------------------------------------------------------

0   Start     |1   5   6   36  9   7   9   4   36  37  37  37  37  37  37  37  37  37  37  8   40  10  40  14  14  14  14  14  14  14  14  14  14  14  14  14  14  14  14  14  14  14  14  14  14  14  14  14  14  14  15  14  14  20  17  14  14  28  14  14  14  14  14  14  14  14  14  14  14  14  14  18  14  14  14  43  44  
1             |4   4   4   4   4   4   4   4   4   4   4   4   4   4   4   4   4   4   4   4   4   41  4   4   4   4   4   4   4   4   4   4   4   4   4   4   4   4   4   4   4   4   4   4   4   4   4   4   4   4   4   4   4   4   4   4   4   4   4   4   4   4   4   4   4   4   4   4   4   4   4   4   4   4   4   4   4   
2             |4   4   4   4   4   4   4   4   4   38  38  38  38  38  38  38  38  38  38  4   4   4   4   4   4   4   4   4   4   4   4   4   4   4   4   4   4   4   4   4   4   4   4   4   4   4   4   4   4   4   4   4   4   4   4   4   4   4   4   4   4   4   4   4   4   4   4   4   4   4   4   4   4   4   4   4   4   
3             |4   4   4   4   4   4   4   4   4   39  39  39  39  39  39  39  39  39  39  4   4   4   4   4   4   4   4   4   4   4   4   4   4   4   4   4   4   4   4   4   4   4   4   4   4   4   4   4   4   4   4   4   4   4   4   4   4   4   4   4   4   4   4   4   4   4   4   4   4   4   4   4   4   4   4   4   4   
4   Phi       |4   4   4   4   4   4   4   4   4   4   4   4   4   4   4   4   4   4   4   4   4   4   4   4   4   4   4   4   4   4   4   4   4   4   4   4   4   4   4   4   4   4   4   4   4   4   4   4   4   4   4   4   4   4   4   4   4   4   4   4   4   4   4   4   4   4   4   4   4   4   4   4   4   4   4   4   4   
5   (         |4   4   4   4   4   4   4   4   4   4   4   4   4   4   4   4   4   4   4   4   4   4   4   4   4   4   4   4   4   4   4   4   4   4   4   4   4   4   4   4   4   4   4   4   4   4   4   4   4   4   4   4   4   4   4   4   4   4   4   4   4   4   4   4   4   4   4   4   4   4   4   4   4   4   4   4   4   
6   )         |4   4   4   4   4   4   4   4   4   4   4   4   4   4   4   4   4   4   4   4   4   4   4   4   4   4   4   4   4   4   4   4   4   4   4   4   4   4   4   4   4   4   4   4   4   4   4   4   4   4   4   4   4   4   4   4   4   4   4   4   4   4   4   4   4   4   4   4   4   4   4   4   4   4   4   4   4   
7   ,         |4   4   4   4   4   4   4   4   4   4   4   4   4   4   4   4   4   4   4   4   4   4   4   4   4   4   4   4   4   4   4   4   4   4   4   4   4   4   4   4   4   4   4   4   4   4   4   4   4   4   4   4   4   4   4   4   4   4   4   4   4   4   4   4   4   4   4   4   4   4   4   4   4   4   4   4   4   
8   ;         |4   4   4   4   4   4   4   4   4   4   4   4   4   4   4   4   4   4   4   4   4   4   4   4   4   4   4   4   4   4   4   4   4   4   4   4   4   4   4   4   4   4   4   4   4   4   4   4   4   4   4   4   4   4   4   4   4   4   4   4   4   4   4   4   4   4   4   4   4   4   4   4   4   4   4   4   4   
9   addop     |4   4   4   4   4   4   4   4   4   4   4   4   4   4   4   4   4   4   4   4   4   4   4   4   4   4   4   4   4   4   4   4   4   4   4   4   4   4   4   4   4   4   4   4   4   4   4   4   4   4   4   4   4   4   4   4   4   4   4   4   4   4   4   4   4   4   4   4   4   4   4   4   4   4   4   4   4   
10  assign    |4   4   4   4   4   4   4   4   4   4   4   4   4   4   4   4   4   4   4   4   4   41  4   4   4   4   4   4   4   4   4   4   4   4   4   4   4   4   4   4   4   4   4   4   4   4   4   4   4   4   4   4   4   4   4   4   4   4   4   4   4   4   4   4   4   4   4   4   4   4   4   4   4   4   4   4   4   
11  boolean   |4   4   4   4   4   4   4   4   4   14  14  14  14  14  14  14  14  14  14  4   4   4   4   14  14  14  14  14  14  14  14  14  14  14  14  14  14  14  14  14  14  14  14  14  14  14  14  14  14  14  14  14  14  14  14  14  14  14  14  14  14  14  14  14  14  14  14  14  14  14  14  14  14  14  14  4   4   
12  else      |4   4   4   4   4   4   4   4   4   14  14  14  14  14  14  14  14  14  14  4   4   4   4   14  14  14  14  14  14  14  14  14  14  14  14  14  14  14  14  14  14  14  14  14  14  14  14  14  14  14  14  14  14  14  14  14  14  14  14  14  14  14  14  14  14  14  14  14  14  14  14  14  14  14  14  4   4   
13  float     |4   4   4   4   4   4   4   4   4   14  14  14  14  14  14  14  14  14  14  4   4   4   4   14  14  14  14  14  14  14  14  14  14  14  14  14  14  14  14  14  14  14  14  14  14  14  14  14  14  14  14  14  14  14  14  14  14  14  14  14  14  14  14  14  14  14  14  14  14  14  14  14  14  14  14  4   4   
14  id        |4   4   4   4   4   4   4   4   4   14  14  14  14  14  14  14  14  14  14  4   4   4   4   14  14  14  14  14  14  14  14  14  14  14  14  14  14  14  14  14  14  14  14  14  14  14  14  14  14  14  14  14  14  14  14  14  14  14  14  14  14  14  14  14  14  14  14  14  14  14  14  14  14  14  14  4   4   
15  id        |4   4   4   4   4   4   4   4   4   14  14  14  14  14  14  14  14  14  14  4   4   4   4   14  14  14  14  14  14  14  14  14  14  14  14  14  14  14  14  14  14  14  14  14  14  14  14  14  14  14  14  14  14  14  14  14  14  14  14  14  14  14  14  16  14  14  14  14  14  14  14  14  14  14  14  4   4   
16  id        |4   4   4   4   4   4   4   4   4   14  14  14  14  14  14  14  14  14  14  4   4   4   4   14  14  14  14  14  14  14  14  14  14  14  14  14  14  14  14  14  14  14  14  14  14  14  14  14  14  14  14  14  14  14  14  14  14  14  14  14  14  14  14  19  14  14  14  14  14  14  14  14  14  14  14  4   4   
17  id        |4   4   4   4   4   4   4   4   4   14  14  14  14  14  14  14  14  14  14  4   4   4   4   14  14  14  14  14  14  14  14  14  14  14  14  14  14  14  14  14  14  14  14  14  14  14  14  14  14  14  14  14  14  14  14  14  14  14  14  14  21  14  14  14  14  14  14  14  14  14  14  14  14  14  14  4   4   
18  id        |4   4   4   4   4   4   4   4   4   14  14  14  14  14  14  14  14  14  14  4   4   4   4   14  14  14  14  14  14  14  14  14  14  14  14  14  14  14  14  14  14  14  14  14  14  14  14  14  14  14  14  14  14  14  14  14  22  14  14  14  14  14  14  14  14  14  14  14  14  14  14  14  14  14  14  4   4   
19  id        |4   4   4   4   4   4   4   4   4   14  14  14  14  14  14  14  14  14  14  4   4   4   4   14  14  14  14  14  14  14  14  14  14  14  14  14  14  14  14  14  14  14  14  14  14  14  14  14  14  14  14  14  14  14  14  14  14  14  14  14  23  14  14  14  14  14  14  14  14  14  14  14  14  14  14  4   4   
20  id        |4   4   4   4   4   4   4   4   4   14  14  14  14  14  14  14  14  14  14  4   4   4   4   14  14  14  14  14  14  14  14  14  14  14  14  14  14  14  14  14  14  14  14  14  14  14  14  14  14  14  14  14  14  14  14  14  14  14  14  14  24  14  14  14  14  14  14  14  14  14  14  14  14  14  14  4   4   
21  id        |4   4   4   4   4   4   4   4   4   14  14  14  14  14  14  14  14  14  14  4   4   4   4   14  14  14  14  14  14  14  14  14  14  14  14  14  14  14  14  14  14  14  14  14  14  14  14  14  14  14  14  14  14  14  14  14  14  14  14  14  14  14  14  25  14  14  14  14  14  14  14  14  14  14  14  4   4   
22  id        |4   4   4   4   4   4   4   4   4   14  14  14  14  14  14  14  14  14  14  4   4   4   4   14  14  14  14  14  14  14  14  14  14  14  14  14  14  14  14  14  14  14  14  14  14  14  14  14  14  14  14  14  14  14  14  14  14  26  14  14  14  14  14  14  14  14  14  14  14  14  14  14  14  14  14  4   4   
23  id        |4   4   4   4   4   4   4   4   4   14  14  14  14  14  14  14  14  14  14  4   4   4   4   14  14  14  14  14  14  14  14  14  14  14  14  14  14  14  14  14  14  14  14  14  14  14  14  14  14  14  14  14  14  27  14  14  14  14  14  14  14  14  14  14  14  14  14  14  14  14  14  14  14  14  14  4   4   
24  id        |4   4   4   4   4   4   4   4   4   14  14  14  14  14  14  14  14  14  14  4   4   4   4   14  14  14  14  14  14  14  14  14  14  14  14  14  14  14  14  14  14  14  14  14  14  14  14  14  14  14  14  14  14  14  14  14  14  14  14  14  14  14  14  14  14  14  14  30  14  14  14  14  14  14  14  4   4   
25  id        |4   4   4   4   4   4   4   4   4   14  14  14  14  14  14  14  14  14  14  4   4   4   4   14  14  14  14  14  14  14  14  14  14  14  14  14  14  14  14  14  14  14  14  14  14  14  14  14  14  31  14  14  14  14  14  14  14  14  14  14  14  14  14  14  14  14  14  14  14  14  14  14  14  14  14  4   4   
26  id        |4   4   4   4   4   4   4   4   4   14  14  14  14  14  14  14  14  14  14  4   4   4   4   14  14  14  14  14  14  14  14  14  14  14  14  14  14  14  14  14  14  14  14  14  14  14  14  14  14  14  14  14  14  14  14  14  14  14  14  14  32  14  14  14  14  14  14  14  14  14  14  14  14  14  14  4   4   
27  id        |4   4   4   4   4   4   4   4   4   14  14  14  14  14  14  14  14  14  14  4   4   4   4   14  14  14  14  14  14  14  14  14  14  14  14  14  14  14  14  14  14  14  14  14  14  14  14  14  14  33  14  14  14  14  14  14  14  14  14  14  14  14  14  14  14  14  14  14  14  14  14  14  14  14  14  4   4   
28  id        |4   4   4   4   4   4   4   4   4   14  14  14  14  14  14  14  14  14  14  4   4   4   4   14  14  14  14  14  14  14  14  14  14  14  14  14  14  14  14  14  14  14  14  14  14  14  14  14  14  14  14  14  14  14  34  14  14  14  14  14  14  14  29  14  14  14  14  14  14  14  14  14  14  14  14  4   4   
29  id        |4   4   4   4   4   4   4   4   4   14  14  14  14  14  14  14  14  14  14  4   4   4   4   14  14  14  14  14  14  14  14  14  14  14  14  14  14  14  14  14  14  14  14  14  14  14  14  14  14  14  14  14  14  14  14  14  14  14  14  14  14  14  14  14  14  14  14  14  35  14  14  14  14  14  14  4   4   
30  id        |4   4   4   4   4   4   4   4   4   14  14  14  14  14  14  14  14  14  14  4   4   4   4   14  14  14  14  14  14  14  14  14  14  14  14  14  14  14  14  14  14  14  14  14  14  14  14  14  14  14  14  14  14  12  14  14  14  14  14  14  14  14  14  14  14  14  14  14  14  14  14  14  14  14  14  4   4   
31  id        |4   4   4   4   4   4   4   4   4   14  14  14  14  14  14  14  14  14  14  4   4   4   4   14  14  14  14  14  14  14  14  14  14  14  14  14  14  14  14  14  14  14  14  14  14  14  14  14  14  14  14  14  14  14  14  14  14  14  14  14  14  14  14  14  14  14  14  14  13  14  14  14  14  14  14  4   4   
32  id        |4   4   4   4   4   4   4   4   4   14  14  14  14  14  14  14  14  14  14  4   4   4   4   14  14  14  14  14  14  14  14  14  14  14  14  14  14  14  14  14  14  14  14  14  14  14  14  14  14  14  14  14  14  42  14  14  14  14  14  14  14  14  14  14  14  14  14  14  14  14  14  14  14  14  14  4   4   
33  id        |4   4   4   4   4   4   4   4   4   14  14  14  14  14  14  14  14  14  14  4   4   4   4   14  14  14  14  14  14  14  14  14  14  14  14  14  14  14  14  14  14  14  14  14  14  14  14  14  14  14  14  14  14  14  14  14  14  14  14  14  14  14  11  14  14  14  14  14  14  14  14  14  14  14  14  4   4   
34  if        |4   4   4   4   4   4   4   4   4   14  14  14  14  14  14  14  14  14  14  4   4   4   4   14  14  14  14  14  14  14  14  14  14  14  14  14  14  14  14  14  14  14  14  14  14  14  14  14  14  14  14  14  14  14  14  14  14  14  14  14  14  14  14  14  14  14  14  14  14  14  14  14  14  14  14  4   4   
35  int       |4   4   4   4   4   4   4   4   4   14  14  14  14  14  14  14  14  14  14  4   4   4   4   14  14  14  14  14  14  14  14  14  14  14  14  14  14  14  14  14  14  14  14  14  14  14  14  14  14  14  14  14  14  14  14  14  14  14  14  14  14  14  14  14  14  14  14  14  14  14  14  14  14  14  14  4   4   
36  mulop     |4   4   4   4   4   4   4   4   4   4   4   4   4   4   4   4   4   4   4   4   4   4   4   4   4   4   4   4   4   4   4   4   4   4   4   4   4   4   4   4   4   4   4   4   4   4   4   4   4   4   4   4   4   4   4   4   4   4   4   4   4   4   4   4   4   4   4   4   4   4   4   4   4   4   4   4   4   
37  num       |4   4   4   4   4   4   4   2   4   37  37  37  37  37  37  37  37  37  37  4   4   4   4   4   4   4   4   4   4   4   4   4   4   4   4   4   4   4   4   4   4   4   4   4   4   4   4   4   4   4   4   4   4   4   4   4   4   4   4   4   4   4   4   4   4   4   4   4   4   4   4   4   4   4   4   4   4   
38  num       |4   4   4   4   4   4   4   4   4   38  38  38  38  38  38  38  38  38  38  4   4   4   4   4   4   4   4   3   4   4   4   4   4   4   4   4   4   4   4   4   4   4   4   4   4   4   4   4   4   4   4   4   4   4   4   4   4   4   4   4   4   4   4   4   4   4   4   4   4   4   4   4   4   4   4   4   4   
39  num       |4   4   4   4   4   4   4   4   4   39  39  39  39  39  39  39  39  39  39  4   4   4   4   4   4   4   4   4   4   4   4   4   4   4   4   4   4   4   4   4   4   4   4   4   4   4   4   4   4   4   4   4   4   4   4   4   4   4   4   4   4   4   4   4   4   4   4   4   4   4   4   4   4   4   4   4   4   
40  relop     |4   4   4   4   4   4   4   4   4   4   4   4   4   4   4   4   4   4   4   4   4   41  4   4   4   4   4   4   4   4   4   4   4   4   4   4   4   4   4   4   4   4   4   4   4   4   4   4   4   4   4   4   4   4   4   4   4   4   4   4   4   4   4   4   4   4   4   4   4   4   4   4   4   4   4   4   4   
41  relop     |4   4   4   4   4   4   4   4   4   4   4   4   4   4   4   4   4   4   4   4   4   4   4   4   4   4   4   4   4   4   4   4   4   4   4   4   4   4   4   4   4   4   4   4   4   4   4   4   4   4   4   4   4   4   4   4   4   4   4   4   4   4   4   4   4   4   4   4   4   4   4   4   4   4   4   4   4   
42  while     |4   4   4   4   4   4   4   4   4   14  14  14  14  14  14  14  14  14  14  4   4   4   4   14  14  14  14  14  14  14  14  14  14  14  14  14  14  14  14  14  14  14  14  14  14  14  14  14  14  14  14  14  14  14  14  14  14  14  14  14  14  14  14  14  14  14  14  14  14  14  14  14  14  14  14  4   4   
43  {         |4   4   4   4   4   4   4   4   4   4   4   4   4   4   4   4   4   4   4   4   4   4   4   4   4   4   4   4   4   4   4   4   4   4   4   4   4   4   4   4   4   4   4   4   4   4   4   4   4   4   4   4   4   4   4   4   4   4   4   4   4   4   4   4   4   4   4   4   4   4   4   4   4   4   4   4   4   
44  }         |4   4   4   4   4   4   4   4   4   4   4   4   4   4   4   4   4   4   4   4   4   4   4   4   4   4   4   4   4   4   4   4   4   4   4   4   4   4   4   4   4   4   4   4   4   4   4   4   4   4   4   4   4   4   4   4   4   4   4   4   4   4   4   4   4   4   4   4   4   4   4   4   4   4   4   4   4   
--------------------------------------------------------------------------------------------------------------------------------------------------------------------------------------------------------------------------------------------------------------------------------------------------------------------------------
Token: int                 Token Class: int
Token: sum                 Token Class: id
Token: ;                   Token Class: ;
Token: int                 Token Class: int
Token: count               Token Class: id
Token: ;                   Token Class: ;
Token: float               Token Class: float
Token: pass                Token Class: id
Token: ;                   Token Class: ;
Token: int                 Token Class: int
Token: mnt                 Token Class: id
Token: ;                   Token Class: ;
Token: while               Token Class: while
Token: (                   Token Class: (
Token: pass                Token Class: id
Token: !=                  Token Class: relop
Token: 10                  Token Class: num
Token: )                   Token Class: )
Token: {                   Token Class: {
Token: pass                Token Class: id
Token: =                   Token Class: assign
Token: pass                Token Class: id
Token: +                   Token Class: addop
Token: 1                   Token Class: num
Token: ;                   Token Class: ;
Token: }                   Token Class: }
